3
4
6
7
8
9
9
10
11
11
12
13
13
14
14
15
15
16
16
16
17
17
18
18
pdr4=[
0.6243,
0.5388,
0.4056,
0.3496,
0.3011,
0.3011,
0.2592,
0.2231,
0.2231,
0.1920,
0.1653,
0.1422,
0.1422,
0.1222,
0.1222,
0.1049,
0.1049,
0.0898,
0.0898,
0.0898,
0.0767,
0.0767,
0.0652,
0.0652]














2
4
5
6
7
8
9
10
10
11
11
11
11
12
12
13
14
14
15
16
16
17
18
18
pdr4=[
0.6406,
0.5388,
0.4692,
0.4056,
0.3496,
0.3011,
0.2592,
0.2231,
0.2231,
0.1920,
0.1920,
0.1920,
0.1920,
0.1653,
0.1653,
0.1422,
0.1222,
0.1222,
0.1049,
0.0898,
0.0898,
0.0767,
0.0652,
0.0652]

0
0
2
2
2
3
2
2
3
2
2
2
2
2
2
2
1
2
1
0
1
0
0
0

a=[ 3,
 4,
 6,
 7,
 8,
 8,
 9,
10,
10,
11,
12,
13,
13,
14,
14,
15,
15,
16,
16,
16,
17,
17,
18,
18]













